Sample: 
    11   101     6    10    17    14     3     8     8     6     5    19     7    15    15     4    12     8     1     4    15
    11    99     6    10    17    14     3     8     8     6     5    19     7    15    15     4    12     8     1     4    15
Sample: 
     4   101     1     3     0     6    11     6    10    15     9    18     6     7    10     7    20     7    15    13     3
     4    99     1     3     0     6    11     6    10    15     9    18     6     7    10     7    20     7    15    13     3
Sample: 
    10   101    20    17     3     5    13     1    15    15     6     6    13     0     3     6     3    14     5    18     4
    10    99    20    17     3     5    13     1    15    15     6     6    13     0     3     6     3    14     5    18     4
Sample: 
     1   101    13     3     8    15    19     2     2     9     1     5    16    10    10    10    16     5     7     0     5
     1    99    13     3     8    15    19     2     2     9     1     5    16    10    10    10    16     5     7     0     5
Sample: 
    15   101    17    20    18     3     8    15     4    14     6    13    19    18     8     0    13     1     4     8     3
    15    99    17    20    18     3     8    15     4    14     6    13    19    18     8     0    13     1     4     8     3
Sample: 
     3   101    13    18    16    18     3    14     7     8     5    17     3    20     2    19    16    15     3     6    19
     3    99    13    18    16    18     3    14     7     8     5    17     3    20     2    19    16    15     3     6    19
Sample: 
     5   101    13    20     7    16    14    16    11    18     0    19     5     7    12     8     2    18     4     6     2
     5    99    13    20     7    16    14    16    11    18     0    19     5     7    12     8     2    18     4     6     2
Sample: 
     9   101    15    20    10     2     8    17     6    16    11    11     4    13    17    18    10    14    13    17    14
     9    99    15    20    10     2     8    17     6    16    11    11     4    13    17    18    10    14    13    17    14
Sample: 
     9   101    16     3    17     3    19    19    14     1    13    16    11     7     0    10     5     8     5     7    20
     9    99    16     3    17     3    19    19    14     1    13    16    11     7     0    10     5     8     5     7    20
Sample: 
     1   101    20     4     7    10     3    12     3     7    17    16     4     3    13    20    10     5     5     5     6
     1    99    20     4     7    10     3    12     3     7    17    16     4     3    13    20    10     5     5     5     6
